    1       -0.000     0.012872           0.297        12.548       4.240
    2       -0.000     0.001928           0.044         1.879       0.635
    3       -0.000     0.010468           0.241        10.204       3.448
    4        0.000     0.017154           0.396        16.723       5.651
    5        0.000     0.000000           0.000         0.000       0.000
    6        0.000     0.000911           0.021         0.889       0.300
    7       84.694     0.003292           0.076         3.209       1.084
    8      250.600     0.006183           0.143         6.028       2.037
    9      380.596     0.002684           0.062         2.616       0.884
   10      412.459     0.003293           0.076         3.210       1.085
   11      541.338     0.001056           0.024         1.030       0.348
   12      559.297     0.000916           0.021         0.893       0.302
   13      622.281     0.000857           0.020         0.836       0.282
   14      623.837     0.050596           1.167        49.323      16.667
   15      786.093     0.010919           0.252        10.644       3.597
   16      798.498     0.234651           5.414       228.750      77.297
   17      808.335     0.000285           0.007         0.278       0.094
   18      904.859     0.071333           1.646        69.539      23.498
   19      916.882     0.013193           0.304        12.861       4.346
   20      984.684     0.013100           0.302        12.770       4.315
   21     1027.000     0.003052           0.070         2.975       1.005
   22     1040.128     0.014175           0.327        13.818       4.669
   23     1071.900     0.000470           0.011         0.459       0.155
   24     1076.446     0.016337           0.377        15.926       5.382
   25     1197.564     0.022615           0.522        22.046       7.450
   26     1244.411     0.012119           0.280        11.814       3.992
   27     1306.456     0.006621           0.153         6.454       2.181
   28     1414.663     0.003250           0.075         3.168       1.070
   29     1428.416     0.007320           0.169         7.136       2.411
   30     1489.287     0.024968           0.576        24.340       8.225
   31     1517.795     0.067169           1.550        65.479      22.126
   32     1589.000     0.032908           0.759        32.081      10.840
   33     1710.649     0.126164           2.911       122.991      41.560
   34     2356.352     0.001022           0.024         0.997       0.337
   35     3218.627     0.001422           0.033         1.386       0.469
   36     3232.560     0.001789           0.041         1.744       0.589
   37     3247.478     0.004826           0.111         4.704       1.590
   38     3432.317     0.273957           6.320       267.067      90.245
   39     3533.064     0.108049           2.493       105.331      35.593
