    1       -0.000     0.003092           0.071         3.014       1.006
    2       -0.000     0.012674           0.292        12.355       4.123
    3       -0.000     0.009785           0.226         9.539       3.183
    4       -0.000     0.016931           0.391        16.505       5.508
    5        0.000     0.000002           0.000         0.002       0.001
    6        0.000     0.001149           0.027         1.120       0.374
    7       91.401     0.003789           0.087         3.694       1.233
    8      252.212     0.005556           0.128         5.416       1.807
    9      385.748     0.002704           0.062         2.636       0.880
   10      415.764     0.002535           0.058         2.471       0.825
   11      546.355     0.003781           0.087         3.686       1.230
   12      561.738     0.000868           0.020         0.846       0.282
   13      625.568     0.000784           0.018         0.764       0.255
   14      685.177     0.077078           1.778        75.139      25.074
   15      795.644     0.127166           2.934       123.968      41.368
   16      820.135     0.000378           0.009         0.368       0.123
   17      830.543     0.126752           2.924       123.564      41.234
   18      965.726     0.022823           0.527        22.249       7.424
   19      988.916     0.033345           0.769        32.507      10.848
   20      991.004     0.014318           0.330        13.958       4.658
   21     1031.491     0.001393           0.032         1.358       0.453
   22     1048.106     0.024224           0.559        23.615       7.880
   23     1072.244     0.000930           0.021         0.907       0.303
   24     1162.618     0.031090           0.717        30.308      10.114
   25     1237.734     0.003959           0.091         3.859       1.288
   26     1301.215     0.013756           0.317        13.410       4.475
   27     1393.244     0.006386           0.147         6.225       2.077
   28     1421.453     0.001340           0.031         1.306       0.436
   29     1434.031     0.007925           0.183         7.726       2.578
   30     1500.952     0.048370           1.116        47.153      15.735
   31     1527.562     0.051284           1.183        49.994      16.683
   32     1591.416     0.027370           0.631        26.681       8.904
   33     1710.863     0.125021           2.884       121.877      40.671
   34     3186.112     0.000223           0.005         0.217       0.072
   35     3218.639     0.001408           0.032         1.372       0.458
   36     3232.662     0.001842           0.043         1.796       0.599
   37     3247.545     0.004816           0.111         4.695       1.567
   38     3432.319     0.273930           6.320       267.041      89.112
   39     3533.072     0.108081           2.494       105.363      35.160
