    1       -0.000     0.014090           0.325        13.736       4.762
    2       -0.000     0.001112           0.026         1.084       0.376
    3       -0.000     0.000215           0.005         0.210       0.073
    4       -0.000     0.000921           0.021         0.898       0.311
    5        0.000     0.016238           0.375        15.830       5.488
    6        0.000     0.009650           0.223         9.408       3.261
    7       90.913     0.003825           0.088         3.729       1.293
    8      239.126     0.005679           0.131         5.536       1.919
    9      378.819     0.002604           0.060         2.538       0.880
   10      400.253     0.001182           0.027         1.153       0.400
   11      499.597     0.014265           0.329        13.906       4.821
   12      556.217     0.000881           0.020         0.859       0.298
   13      616.486     0.000735           0.017         0.716       0.248
   14      628.933     0.035245           0.813        34.358      11.911
   15      718.939     0.015894           0.367        15.494       5.371
   16      795.546     0.000736           0.017         0.718       0.249
   17      804.951     0.244887           5.650       238.728      82.758
   18      860.012     0.012842           0.296        12.519       4.340
   19      881.705     0.004870           0.112         4.748       1.646
   20      899.688     0.001802           0.042         1.756       0.609
   21      965.278     0.027677           0.639        26.981       9.353
   22      990.480     0.014846           0.343        14.472       5.017
   23     1017.640     0.013673           0.315        13.329       4.621
   24     1031.767     0.009263           0.214         9.030       3.130
   25     1151.942     0.028311           0.653        27.599       9.568
   26     1255.714     0.033511           0.773        32.668      11.325
   27     1297.615     0.012890           0.297        12.566       4.356
   28     1395.642     0.003064           0.071         2.987       1.035
   29     1418.214     0.011655           0.269        11.362       3.939
   30     1480.053     0.058840           1.357        57.360      19.885
   31     1499.800     0.014161           0.327        13.805       4.786
   32     1556.383     0.027497           0.634        26.805       9.292
   33     1710.664     0.125968           2.906       122.799      42.570
   34     2377.721     0.000056           0.001         0.055       0.019
   35     2403.510     0.001907           0.044         1.859       0.644
   36     3186.125     0.000207           0.005         0.202       0.070
   37     3236.002     0.000810           0.019         0.789       0.274
   38     3432.318     0.273947           6.320       267.057      92.579
   39     3533.069     0.108082           2.494       105.364      36.526
