    1       -0.000     0.010374           0.239        10.113       2.672
    2       -0.000     0.003057           0.071         2.980       0.787
    3       -0.000     0.009483           0.219         9.244       2.443
    4       -0.000     0.001585           0.037         1.545       0.408
    5       -0.000     0.009653           0.223         9.410       2.487
    6        0.000     0.001101           0.025         1.074       0.284
    7      190.346     0.028385           0.655        27.671       7.313
    8      350.304     0.000354           0.008         0.345       0.091
    9      387.239     0.003875           0.089         3.777       0.998
   10      411.170     0.120209           2.773       117.186      30.969
   11      516.817     0.007952           0.183         7.752       2.049
   12      517.510     0.098097           2.263        95.630      25.272
   13      517.622     0.015258           0.352        14.874       3.931
   14      586.447     0.004708           0.109         4.589       1.213
   15      625.457     0.031159           0.719        30.375       8.027
   16      747.770     0.086964           2.006        84.777      22.404
   17      759.013     0.000714           0.016         0.697       0.184
   18      805.694     0.000094           0.002         0.091       0.024
   19      939.806     0.007714           0.178         7.520       1.987
   20      979.362     0.000010           0.000         0.010       0.003
   21     1003.625     0.008904           0.205         8.680       2.294
   22     1007.104     0.000652           0.015         0.635       0.168
   23     1014.431     0.002189           0.051         2.134       0.564
   24     1032.855     0.002432           0.056         2.371       0.627
   25     1100.744     0.017023           0.393        16.595       4.386
   26     1167.102     0.050804           1.172        49.526      13.088
   27     1187.317     0.007886           0.182         7.688       2.032
   28     1205.837     0.004063           0.094         3.961       1.047
   29     1347.858     0.013125           0.303        12.795       3.381
   30     1434.230     0.116624           2.691       113.691      30.045
   31     1496.568     0.153596           3.544       149.733      39.570
   32     1501.182     0.042208           0.974        41.146      10.874
   33     1549.747     0.014635           0.338        14.267       3.770
   34     1592.549     0.082385           1.901        80.313      21.224
   35     1617.086     0.090196           2.081        87.928      23.237
   36     3074.231     0.001105           0.025         1.077       0.285
   37     3129.445     0.001492           0.034         1.454       0.384
   38     3146.950     0.000304           0.007         0.296       0.078
   39     3162.494     0.000736           0.017         0.718       0.190
   40     3196.670     0.000291           0.007         0.284       0.075
   41     3503.570     0.464709          10.721       453.021     119.720
   42     3706.185     0.114184           2.634       111.312      29.416
