    1       -0.000     0.019605           0.452        19.112       4.000
    2       -0.000     0.021198           0.489        20.665       4.325
    3       -0.000     0.000006           0.000         0.006       0.001
    4        0.000     0.003584           0.083         3.494       0.731
    5        0.000     0.026619           0.614        25.949       5.431
    6        0.000     0.009032           0.208         8.805       1.843
    7      226.935     0.000277           0.006         0.270       0.056
    8      517.488     0.012052           0.278        11.749       2.459
    9      563.106     0.000373           0.009         0.364       0.076
   10      720.516     0.052318           1.207        51.002      10.675
   11      810.180     0.019476           0.449        18.986       3.974
   12      939.679     0.006921           0.160         6.747       1.412
   13     1949.187     0.343149           7.917       334.519      70.014
   14     2274.798     0.001980           0.046         1.931       0.404
   15     3360.778     0.218578           5.043       213.081      44.597
